0 0.0416667
0.0125 0.0416667
0.025 0.0416667
0.0375 0.0416667
0.05 0.0416667
0.0625 0.0416667
0.075 0.0416667
0.0875 0.0416667
0.1 0.0416667
0.1125 0.0416667
0.125 0.0416667
0.1375 0.0416667
0.15 0.0416667
0.1625 0.0416667
0.175 0.0416667
0.1875 0.0416667
0.2 0.0416667
0.2125 0.0416667
0.3625 0.0416667
0.375 0.0416667
0 0.0833333
0.0125 0.0833333
0.025 0.0833333
0.0375 0.0833333
0.05 0.0833333
0.0625 0.0833333
0.075 0.0833333
0.0875 0.0833333
0.1 0.0833333
0.1125 0.0833333
0.125 0.0833333
0.1375 0.0833333
0.15 0.0833333
0.1625 0.0833333
0.175 0.0833333
0.1875 0.0833333
0.2 0.0833333
0.2125 0.0833333
0.225 0.0833333
0.2375 0.0833333
0.25 0.0833333
0.2625 0.0833333
0.275 0.0833333
0.2875 0.0833333
0.3 0.0833333
0.3125 0.0833333
0.325 0.0833333
0.3375 0.0833333
0.35 0.0833333
0.3625 0.0833333
0.375 0.0833333
0.3875 0.0833333
0.4 0.0833333
0.4125 0.0833333
0.425 0.0833333
0.4375 0.0833333
0.45 0.0833333
0.4625 0.0833333
0.475 0.0833333
0.4875 0.0833333
0.175 0.125
0.1875 0.125
0.25 0.125
0.2625 0.125
0.275 0.125
0.2875 0.125
0.3 0.125
0.3125 0.125
0.325 0.125
0.3375 0.125
0.35 0.125
0.3625 0.125
0.375 0.125
0.3875 0.125
0.4 0.125
0.4125 0.125
0.425 0.125
0.4375 0.125
0.45 0.125
0.4625 0.125
0.475 0.125
0.4875 0.125
0.175 0.166667
0.1875 0.166667
0.2625 0.166667
0.2875 0.166667
0.35 0.166667
0.3625 0.166667
0.375 0.166667
0.3875 0.166667
0.15 0.208333
0.1625 0.208333
0.175 0.208333
0.1875 0.208333
0.2 0.208333
0.2125 0.208333
0.225 0.208333
0.2375 0.208333
0.25 0.208333
0.275 0.208333
0.2875 0.208333
0.1375 0.25
0.15 0.25
0.1625 0.25
0.175 0.25
0.3 0.25
0.1875 0.291667
0.2 0.291667
0.2125 0.291667
0.225 0.291667
0.2375 0.291667
0.25 0.291667
0.2625 0.291667
0.275 0.291667
0.2875 0.291667
0.3 0.291667
